Atom types num: 37
c6:
  3.352746E-3   8.769874E-5   3.083227E-3   2.701857E-4   5.695741E-4   2.733669E-3   2.833489E-3   3.352746E-3   4.738457E-4   3.140984E-3    0.000000E0   2.733669E-3   2.733669E-3   4.825312E-4   2.733669E-3   5.290741E-4   3.352746E-3   2.833489E-3   5.394139E-3   8.769874E-5   4.394516E-4   3.352746E-3   3.352746E-3   2.733669E-3   2.833489E-3   3.083227E-3   3.140984E-3   2.649749E-3   8.769874E-5   4.738457E-4    0.000000E0   5.290741E-4   5.695741E-4   2.891272E-3    0.000000E0   4.598944E-4   6.839416E-3 
  8.769874E-5   3.922948E-7   8.630714E-5   3.171164E-6   1.085563E-5   7.652214E-5   6.422656E-5   8.769874E-5   8.085511E-6   7.518723E-5    0.000000E0   7.652214E-5   7.652214E-5   8.442984E-6   7.652214E-5   9.784856E-6   8.769874E-5   6.422656E-5   1.619495E-4   3.922948E-7   7.258100E-6   8.769874E-5   8.769874E-5   7.652214E-5   6.422656E-5   8.630714E-5   7.518723E-5   6.132389E-5   3.922948E-7   8.085511E-6    0.000000E0   9.784856E-6   1.085563E-5   7.213885E-5    0.000000E0   1.247053E-5   2.775893E-4 
  3.083227E-3   8.630714E-5   2.826767E-3   2.568911E-4   5.310288E-4   2.506285E-3   2.622195E-3   3.083227E-3   4.438249E-4   2.899841E-3    0.000000E0   2.506285E-3   2.506285E-3   4.514900E-4   2.506285E-3   4.938943E-4   3.083227E-3   2.622195E-3   4.929766E-3   8.630714E-5   4.121641E-4   3.083227E-3   3.083227E-3   2.506285E-3   2.622195E-3   2.826767E-3   2.899841E-3   2.449936E-3   8.630714E-5   4.438249E-4    0.000000E0   4.938943E-4   5.310288E-4   2.664429E-3    0.000000E0   4.222442E-4   6.162904E-3 
  2.701857E-4   3.171164E-6   2.568911E-4   1.489571E-5   3.938218E-5   2.277663E-4   2.129456E-4   2.701857E-4   3.108679E-5   2.423889E-4    0.000000E0   2.277663E-4   2.277663E-4   3.203475E-5   2.277663E-4   3.606111E-5   2.701857E-4   2.129456E-4   4.652761E-4   3.171164E-6   2.839019E-5   2.701857E-4   2.701857E-4   2.277663E-4   2.129456E-4   2.568911E-4   2.423889E-4   2.011549E-4   3.171164E-6   3.108679E-5    0.000000E0   3.606111E-5   3.938218E-5   2.276733E-4    0.000000E0   3.772225E-5   6.864077E-4 
  5.695741E-4   1.085563E-5   5.310288E-4   3.938218E-5   9.090007E-5   4.708239E-4   4.677920E-4   5.695741E-4   7.403531E-5   5.242007E-4    0.000000E0   4.708239E-4   4.708239E-4   7.575405E-5   4.708239E-4   8.394813E-5   5.695741E-4   4.677920E-4   9.424320E-4   1.085563E-5   6.823757E-5   5.695741E-4   5.695741E-4   4.708239E-4   4.677920E-4   5.310288E-4   5.242007E-4   4.392628E-4   1.085563E-5   7.403531E-5    0.000000E0   8.394813E-5   9.090007E-5   4.865380E-4    0.000000E0   7.869854E-5   1.272820E-3 
  2.733669E-3   7.652214E-5   2.506285E-3   2.277663E-4   4.708239E-4   2.222137E-3   2.324906E-3   2.733669E-3   3.935067E-4   2.571074E-3    0.000000E0   2.222137E-3   2.222137E-3   4.003027E-4   2.222137E-3   4.378994E-4   2.733669E-3   2.324906E-3   4.370858E-3   7.652214E-5   3.654353E-4   2.733669E-3   2.733669E-3   2.222137E-3   2.324906E-3   2.506285E-3   2.571074E-3   2.172176E-3   7.652214E-5   3.935067E-4    0.000000E0   4.378994E-4   4.708239E-4   2.362352E-3    0.000000E0   3.743726E-4   5.464190E-3 
  2.833489E-3   6.422656E-5   2.622195E-3   2.129456E-4   4.677920E-4   2.324906E-3   2.363473E-3   2.833489E-3   3.854247E-4   2.632980E-3    0.000000E0   2.324906E-3   2.324906E-3   3.933462E-4   2.324906E-3   4.333807E-4   2.833489E-3   2.363473E-3   4.617846E-3   6.422656E-5   3.564419E-4   2.833489E-3   2.833489E-3   2.324906E-3   2.363473E-3   2.622195E-3   2.632980E-3   2.214383E-3   6.422656E-5   3.854247E-4    0.000000E0   4.333807E-4   4.677920E-4   2.432871E-3    0.000000E0   3.899683E-4   6.028207E-3 
  3.352746E-3   8.769874E-5   3.083227E-3   2.701857E-4   5.695741E-4   2.733669E-3   2.833489E-3   3.352746E-3   4.738457E-4   3.140984E-3    0.000000E0   2.733669E-3   2.733669E-3   4.825312E-4   2.733669E-3   5.290741E-4   3.352746E-3   2.833489E-3   5.394139E-3   8.769874E-5   4.394516E-4   3.352746E-3   3.352746E-3   2.733669E-3   2.833489E-3   3.083227E-3   3.140984E-3   2.649749E-3   8.769874E-5   4.738457E-4    0.000000E0   5.290741E-4   5.695741E-4   2.891272E-3    0.000000E0   4.598944E-4   6.839416E-3 
  4.738457E-4   8.085511E-6   4.438249E-4   3.108679E-5   7.403531E-5   3.935067E-4   3.854247E-4   4.738457E-4   5.986277E-5   4.334883E-4    0.000000E0   3.935067E-4   3.935067E-4   6.135318E-5   3.935067E-4   6.823757E-5   4.738457E-4   3.854247E-4   7.914604E-4   8.085511E-6   5.505760E-5   4.738457E-4   4.738457E-4   3.935067E-4   3.854247E-4   4.438249E-4   4.334883E-4   3.624247E-4   8.085511E-6   5.986277E-5    0.000000E0   6.823757E-5   7.403531E-5   4.034712E-4    0.000000E0   6.563227E-5   1.091612E-3 
  3.140984E-3   7.518723E-5   2.899841E-3   2.423889E-4   5.242007E-4   2.571074E-3   2.632980E-3   3.140984E-3   4.334883E-4   2.927723E-3    0.000000E0   2.571074E-3   2.571074E-3   4.420318E-4   2.571074E-3   4.861276E-4   3.140984E-3   2.632980E-3   5.094123E-3   7.518723E-5   4.013209E-4   3.140984E-3   3.140984E-3   2.571074E-3   2.632980E-3   2.899841E-3   2.927723E-3   2.465129E-3   7.518723E-5   4.334883E-4    0.000000E0   4.861276E-4   5.242007E-4   2.701332E-3    0.000000E0   4.317430E-4   6.577329E-3 
   0.000000E0    0.000000E0    0.000000E0    0.000000E0    0.000000E0    0.000000E0    0.000000E0    0.000000E0    0.000000E0    0.000000E0    0.000000E0    0.000000E0    0.000000E0    0.000000E0    0.000000E0    0.000000E0    0.000000E0    0.000000E0    0.000000E0    0.000000E0    0.000000E0    0.000000E0    0.000000E0    0.000000E0    0.000000E0    0.000000E0    0.000000E0    0.000000E0    0.000000E0    0.000000E0    0.000000E0    0.000000E0    0.000000E0    0.000000E0    0.000000E0    0.000000E0    0.000000E0 
  2.733669E-3   7.652214E-5   2.506285E-3   2.277663E-4   4.708239E-4   2.222137E-3   2.324906E-3   2.733669E-3   3.935067E-4   2.571074E-3    0.000000E0   2.222137E-3   2.222137E-3   4.003027E-4   2.222137E-3   4.378994E-4   2.733669E-3   2.324906E-3   4.370858E-3   7.652214E-5   3.654353E-4   2.733669E-3   2.733669E-3   2.222137E-3   2.324906E-3   2.506285E-3   2.571074E-3   2.172176E-3   7.652214E-5   3.935067E-4    0.000000E0   4.378994E-4   4.708239E-4   2.362352E-3    0.000000E0   3.743726E-4   5.464190E-3 
  2.733669E-3   7.652214E-5   2.506285E-3   2.277663E-4   4.708239E-4   2.222137E-3   2.324906E-3   2.733669E-3   3.935067E-4   2.571074E-3    0.000000E0   2.222137E-3   2.222137E-3   4.003027E-4   2.222137E-3   4.378994E-4   2.733669E-3   2.324906E-3   4.370858E-3   7.652214E-5   3.654353E-4   2.733669E-3   2.733669E-3   2.222137E-3   2.324906E-3   2.506285E-3   2.571074E-3   2.172176E-3   7.652214E-5   3.935067E-4    0.000000E0   4.378994E-4   4.708239E-4   2.362352E-3    0.000000E0   3.743726E-4   5.464190E-3 
  4.825312E-4   8.442984E-6   4.514900E-4   3.203475E-5   7.575405E-5   4.003027E-4   3.933462E-4   4.825312E-4   6.135318E-5   4.420318E-4    0.000000E0   4.003027E-4   4.003027E-4   6.285737E-5   4.003027E-4   6.985303E-5   4.825312E-4   3.933462E-4   8.042594E-4   8.442984E-6   5.645556E-5   4.825312E-4   4.825312E-4   4.003027E-4   3.933462E-4   4.514900E-4   4.420318E-4   3.697569E-4   8.442984E-6   6.135318E-5    0.000000E0   6.985303E-5   7.575405E-5   4.111632E-4    0.000000E0   6.679839E-5   1.104041E-3 
  2.733669E-3   7.652214E-5   2.506285E-3   2.277663E-4   4.708239E-4   2.222137E-3   2.324906E-3   2.733669E-3   3.935067E-4   2.571074E-3    0.000000E0   2.222137E-3   2.222137E-3   4.003027E-4   2.222137E-3   4.378994E-4   2.733669E-3   2.324906E-3   4.370858E-3   7.652214E-5   3.654353E-4   2.733669E-3   2.733669E-3   2.222137E-3   2.324906E-3   2.506285E-3   2.571074E-3   2.172176E-3   7.652214E-5   3.935067E-4    0.000000E0   4.378994E-4   4.708239E-4   2.362352E-3    0.000000E0   3.743726E-4   5.464190E-3 
  5.290741E-4   9.784856E-6   4.938943E-4   3.606111E-5   8.394813E-5   4.378994E-4   4.333807E-4   5.290741E-4   6.823757E-5   4.861276E-4    0.000000E0   4.378994E-4   4.378994E-4   6.985303E-5   4.378994E-4   7.748580E-5   5.290741E-4   4.333807E-4   8.776827E-4   9.784856E-6   6.285737E-5   5.290741E-4   5.290741E-4   4.378994E-4   4.333807E-4   4.938943E-4   4.861276E-4   4.071057E-4   9.784856E-6   6.823757E-5    0.000000E0   7.748580E-5   8.394813E-5   4.515460E-4    0.000000E0   7.315166E-5   1.192226E-3 
  3.352746E-3   8.769874E-5   3.083227E-3   2.701857E-4   5.695741E-4   2.733669E-3   2.833489E-3   3.352746E-3   4.738457E-4   3.140984E-3    0.000000E0   2.733669E-3   2.733669E-3   4.825312E-4   2.733669E-3   5.290741E-4   3.352746E-3   2.833489E-3   5.394139E-3   8.769874E-5   4.394516E-4   3.352746E-3   3.352746E-3   2.733669E-3   2.833489E-3   3.083227E-3   3.140984E-3   2.649749E-3   8.769874E-5   4.738457E-4    0.000000E0   5.290741E-4   5.695741E-4   2.891272E-3    0.000000E0   4.598944E-4   6.839416E-3 
  2.833489E-3   6.422656E-5   2.622195E-3   2.129456E-4   4.677920E-4   2.324906E-3   2.363473E-3   2.833489E-3   3.854247E-4   2.632980E-3    0.000000E0   2.324906E-3   2.324906E-3   3.933462E-4   2.324906E-3   4.333807E-4   2.833489E-3   2.363473E-3   4.617846E-3   6.422656E-5   3.564419E-4   2.833489E-3   2.833489E-3   2.324906E-3   2.363473E-3   2.622195E-3   2.632980E-3   2.214383E-3   6.422656E-5   3.854247E-4    0.000000E0   4.333807E-4   4.677920E-4   2.432871E-3    0.000000E0   3.899683E-4   6.028207E-3 
  5.394139E-3   1.619495E-4   4.929766E-3   4.652761E-4   9.424320E-4   4.370858E-3   4.617846E-3   5.394139E-3   7.914604E-4   5.094123E-3    0.000000E0   4.370858E-3   4.370858E-3   8.042594E-4   4.370858E-3   8.776827E-4   5.394139E-3   4.617846E-3   8.568763E-3   1.619495E-4   7.360276E-4   5.394139E-3   5.394139E-3   4.370858E-3   4.617846E-3   4.929766E-3   5.094123E-3   4.310413E-3   1.619495E-4   7.914604E-4    0.000000E0   8.776827E-4   9.424320E-4   4.671665E-3    0.000000E0   7.374791E-4   1.055444E-2 
  8.769874E-5   3.922948E-7   8.630714E-5   3.171164E-6   1.085563E-5   7.652214E-5   6.422656E-5   8.769874E-5   8.085511E-6   7.518723E-5    0.000000E0   7.652214E-5   7.652214E-5   8.442984E-6   7.652214E-5   9.784856E-6   8.769874E-5   6.422656E-5   1.619495E-4   3.922948E-7   7.258100E-6   8.769874E-5   8.769874E-5   7.652214E-5   6.422656E-5   8.630714E-5   7.518723E-5   6.132389E-5   3.922948E-7   8.085511E-6    0.000000E0   9.784856E-6   1.085563E-5   7.213885E-5    0.000000E0   1.247053E-5   2.775893E-4 
  4.394516E-4   7.258100E-6   4.121641E-4   2.839019E-5   6.823757E-5   3.654353E-4   3.564419E-4   4.394516E-4   5.505760E-5   4.013209E-4    0.000000E0   3.654353E-4   3.654353E-4   5.645556E-5   3.654353E-4   6.285737E-5   4.394516E-4   3.564419E-4   7.360276E-4   7.258100E-6   5.060655E-5   4.394516E-4   4.394516E-4   3.654353E-4   3.564419E-4   4.121641E-4   4.013209E-4   3.353081E-4   7.258100E-6   5.505760E-5    0.000000E0   6.285737E-5   6.823757E-5   3.738360E-4    0.000000E0   6.091176E-5   1.021360E-3 
  3.352746E-3   8.769874E-5   3.083227E-3   2.701857E-4   5.695741E-4   2.733669E-3   2.833489E-3   3.352746E-3   4.738457E-4   3.140984E-3    0.000000E0   2.733669E-3   2.733669E-3   4.825312E-4   2.733669E-3   5.290741E-4   3.352746E-3   2.833489E-3   5.394139E-3   8.769874E-5   4.394516E-4   3.352746E-3   3.352746E-3   2.733669E-3   2.833489E-3   3.083227E-3   3.140984E-3   2.649749E-3   8.769874E-5   4.738457E-4    0.000000E0   5.290741E-4   5.695741E-4   2.891272E-3    0.000000E0   4.598944E-4   6.839416E-3 
  3.352746E-3   8.769874E-5   3.083227E-3   2.701857E-4   5.695741E-4   2.733669E-3   2.833489E-3   3.352746E-3   4.738457E-4   3.140984E-3    0.000000E0   2.733669E-3   2.733669E-3   4.825312E-4   2.733669E-3   5.290741E-4   3.352746E-3   2.833489E-3   5.394139E-3   8.769874E-5   4.394516E-4   3.352746E-3   3.352746E-3   2.733669E-3   2.833489E-3   3.083227E-3   3.140984E-3   2.649749E-3   8.769874E-5   4.738457E-4    0.000000E0   5.290741E-4   5.695741E-4   2.891272E-3    0.000000E0   4.598944E-4   6.839416E-3 
  2.733669E-3   7.652214E-5   2.506285E-3   2.277663E-4   4.708239E-4   2.222137E-3   2.324906E-3   2.733669E-3   3.935067E-4   2.571074E-3    0.000000E0   2.222137E-3   2.222137E-3   4.003027E-4   2.222137E-3   4.378994E-4   2.733669E-3   2.324906E-3   4.370858E-3   7.652214E-5   3.654353E-4   2.733669E-3   2.733669E-3   2.222137E-3   2.324906E-3   2.506285E-3   2.571074E-3   2.172176E-3   7.652214E-5   3.935067E-4    0.000000E0   4.378994E-4   4.708239E-4   2.362352E-3    0.000000E0   3.743726E-4   5.464190E-3 
  2.833489E-3   6.422656E-5   2.622195E-3   2.129456E-4   4.677920E-4   2.324906E-3   2.363473E-3   2.833489E-3   3.854247E-4   2.632980E-3    0.000000E0   2.324906E-3   2.324906E-3   3.933462E-4   2.324906E-3   4.333807E-4   2.833489E-3   2.363473E-3   4.617846E-3   6.422656E-5   3.564419E-4   2.833489E-3   2.833489E-3   2.324906E-3   2.363473E-3   2.622195E-3   2.632980E-3   2.214383E-3   6.422656E-5   3.854247E-4    0.000000E0   4.333807E-4   4.677920E-4   2.432871E-3    0.000000E0   3.899683E-4   6.028207E-3 
  3.083227E-3   8.630714E-5   2.826767E-3   2.568911E-4   5.310288E-4   2.506285E-3   2.622195E-3   3.083227E-3   4.438249E-4   2.899841E-3    0.000000E0   2.506285E-3   2.506285E-3   4.514900E-4   2.506285E-3   4.938943E-4   3.083227E-3   2.622195E-3   4.929766E-3   8.630714E-5   4.121641E-4   3.083227E-3   3.083227E-3   2.506285E-3   2.622195E-3   2.826767E-3   2.899841E-3   2.449936E-3   8.630714E-5   4.438249E-4    0.000000E0   4.938943E-4   5.310288E-4   2.664429E-3    0.000000E0   4.222442E-4   6.162904E-3 
  3.140984E-3   7.518723E-5   2.899841E-3   2.423889E-4   5.242007E-4   2.571074E-3   2.632980E-3   3.140984E-3   4.334883E-4   2.927723E-3    0.000000E0   2.571074E-3   2.571074E-3   4.420318E-4   2.571074E-3   4.861276E-4   3.140984E-3   2.632980E-3   5.094123E-3   7.518723E-5   4.013209E-4   3.140984E-3   3.140984E-3   2.571074E-3   2.632980E-3   2.899841E-3   2.927723E-3   2.465129E-3   7.518723E-5   4.334883E-4    0.000000E0   4.861276E-4   5.242007E-4   2.701332E-3    0.000000E0   4.317430E-4   6.577329E-3 
  2.649749E-3   6.132389E-5   2.449936E-3   2.011549E-4   4.392628E-4   2.172176E-3   2.214383E-3   2.649749E-3   3.624247E-4   2.465129E-3    0.000000E0   2.172176E-3   2.172176E-3   3.697569E-4   2.172176E-3   4.071057E-4   2.649749E-3   2.214383E-3   4.310413E-3   6.132389E-5   3.353081E-4   2.649749E-3   2.649749E-3   2.172176E-3   2.214383E-3   2.449936E-3   2.465129E-3   2.074134E-3   6.132389E-5   3.624247E-4    0.000000E0   4.071057E-4   4.392628E-4   2.276533E-3    0.000000E0   3.645055E-4   5.603460E-3 
  8.769874E-5   3.922948E-7   8.630714E-5   3.171164E-6   1.085563E-5   7.652214E-5   6.422656E-5   8.769874E-5   8.085511E-6   7.518723E-5    0.000000E0   7.652214E-5   7.652214E-5   8.442984E-6   7.652214E-5   9.784856E-6   8.769874E-5   6.422656E-5   1.619495E-4   3.922948E-7   7.258100E-6   8.769874E-5   8.769874E-5   7.652214E-5   6.422656E-5   8.630714E-5   7.518723E-5   6.132389E-5   3.922948E-7   8.085511E-6    0.000000E0   9.784856E-6   1.085563E-5   7.213885E-5    0.000000E0   1.247053E-5   2.775893E-4 
  4.738457E-4   8.085511E-6   4.438249E-4   3.108679E-5   7.403531E-5   3.935067E-4   3.854247E-4   4.738457E-4   5.986277E-5   4.334883E-4    0.000000E0   3.935067E-4   3.935067E-4   6.135318E-5   3.935067E-4   6.823757E-5   4.738457E-4   3.854247E-4   7.914604E-4   8.085511E-6   5.505760E-5   4.738457E-4   4.738457E-4   3.935067E-4   3.854247E-4   4.438249E-4   4.334883E-4   3.624247E-4   8.085511E-6   5.986277E-5    0.000000E0   6.823757E-5   7.403531E-5   4.034712E-4    0.000000E0   6.563227E-5   1.091612E-3 
   0.000000E0    0.000000E0    0.000000E0    0.000000E0    0.000000E0    0.000000E0    0.000000E0    0.000000E0    0.000000E0    0.000000E0    0.000000E0    0.000000E0    0.000000E0    0.000000E0    0.000000E0    0.000000E0    0.000000E0    0.000000E0    0.000000E0    0.000000E0    0.000000E0    0.000000E0    0.000000E0    0.000000E0    0.000000E0    0.000000E0    0.000000E0    0.000000E0    0.000000E0    0.000000E0    0.000000E0    0.000000E0    0.000000E0    0.000000E0    0.000000E0    0.000000E0    0.000000E0 
  5.290741E-4   9.784856E-6   4.938943E-4   3.606111E-5   8.394813E-5   4.378994E-4   4.333807E-4   5.290741E-4   6.823757E-5   4.861276E-4    0.000000E0   4.378994E-4   4.378994E-4   6.985303E-5   4.378994E-4   7.748580E-5   5.290741E-4   4.333807E-4   8.776827E-4   9.784856E-6   6.285737E-5   5.290741E-4   5.290741E-4   4.378994E-4   4.333807E-4   4.938943E-4   4.861276E-4   4.071057E-4   9.784856E-6   6.823757E-5    0.000000E0   7.748580E-5   8.394813E-5   4.515460E-4    0.000000E0   7.315166E-5   1.192226E-3 
  5.695741E-4   1.085563E-5   5.310288E-4   3.938218E-5   9.090007E-5   4.708239E-4   4.677920E-4   5.695741E-4   7.403531E-5   5.242007E-4    0.000000E0   4.708239E-4   4.708239E-4   7.575405E-5   4.708239E-4   8.394813E-5   5.695741E-4   4.677920E-4   9.424320E-4   1.085563E-5   6.823757E-5   5.695741E-4   5.695741E-4   4.708239E-4   4.677920E-4   5.310288E-4   5.242007E-4   4.392628E-4   1.085563E-5   7.403531E-5    0.000000E0   8.394813E-5   9.090007E-5   4.865380E-4    0.000000E0   7.869854E-5   1.272820E-3 
  2.891272E-3   7.213885E-5   2.664429E-3   2.276733E-4   4.865380E-4   2.362352E-3   2.432871E-3   2.891272E-3   4.034712E-4   2.701332E-3    0.000000E0   2.362352E-3   2.362352E-3   4.111632E-4   2.362352E-3   4.515460E-4   2.891272E-3   2.432871E-3   4.671665E-3   7.213885E-5   3.738360E-4   2.891272E-3   2.891272E-3   2.362352E-3   2.432871E-3   2.664429E-3   2.701332E-3   2.276533E-3   7.213885E-5   4.034712E-4    0.000000E0   4.515460E-4   4.865380E-4   2.489709E-3    0.000000E0   3.970346E-4   5.981184E-3 
   0.000000E0    0.000000E0    0.000000E0    0.000000E0    0.000000E0    0.000000E0    0.000000E0    0.000000E0    0.000000E0    0.000000E0    0.000000E0    0.000000E0    0.000000E0    0.000000E0    0.000000E0    0.000000E0    0.000000E0    0.000000E0    0.000000E0    0.000000E0    0.000000E0    0.000000E0    0.000000E0    0.000000E0    0.000000E0    0.000000E0    0.000000E0    0.000000E0    0.000000E0    0.000000E0    0.000000E0    0.000000E0    0.000000E0    0.000000E0    0.000000E0    0.000000E0    0.000000E0 
  4.598944E-4   1.247053E-5   4.222442E-4   3.772225E-5   7.869854E-5   3.743726E-4   3.899683E-4   4.598944E-4   6.563227E-5   4.317430E-4    0.000000E0   3.743726E-4   3.743726E-4   6.679839E-5   3.743726E-4   7.315166E-5   4.598944E-4   3.899683E-4   7.374791E-4   1.247053E-5   6.091176E-5   4.598944E-4   4.598944E-4   3.743726E-4   3.899683E-4   4.222442E-4   4.317430E-4   3.645055E-4   1.247053E-5   6.563227E-5    0.000000E0   7.315166E-5   7.869854E-5   3.970346E-4    0.000000E0   6.302970E-5   9.281113E-4 
  6.839416E-3   2.775893E-4   6.162904E-3   6.864077E-4   1.272820E-3   5.464190E-3   6.028207E-3   6.839416E-3   1.091612E-3   6.577329E-3    0.000000E0   5.464190E-3   5.464190E-3   1.104041E-3   5.464190E-3   1.192226E-3   6.839416E-3   6.028207E-3   1.055444E-2   2.775893E-4   1.021360E-3   6.839416E-3   6.839416E-3   5.464190E-3   6.028207E-3   6.162904E-3   6.577329E-3   5.603460E-3   2.775893E-4   1.091612E-3    0.000000E0   1.192226E-3   1.272820E-3   5.981184E-3    0.000000E0   9.281113E-4   1.216140E-2 
c12:
  3.950943E-6   8.895303E-9   4.165107E-6   8.443037E-8   3.752101E-7   3.692891E-6   2.538969E-6   3.950943E-6   2.596856E-7   3.116968E-6    0.000000E0   3.692891E-6   3.692891E-6   2.755048E-7   3.692891E-6   3.312160E-7   3.950943E-6   2.538969E-6   8.433311E-6   8.895303E-9   2.285074E-7   3.950943E-6   3.950943E-6   3.692891E-6   2.538969E-6   4.165107E-6   3.116968E-6   2.467793E-6   8.895303E-9   2.596856E-7    0.000000E0   3.312160E-7   3.752101E-7   3.106256E-6    0.000000E0   5.823712E-7   2.143689E-5 
  8.895303E-9  5.856981E-13   1.073948E-8  3.827242E-11  4.484961E-10   9.521898E-9   4.292577E-9   8.895303E-9  2.488076E-10   5.877109E-9    0.000000E0   9.521898E-9   9.521898E-9  2.775523E-10   9.521898E-9  3.727878E-10   8.895303E-9   4.292577E-9   2.501427E-8  5.856981E-13  2.051156E-10   8.895303E-9   8.895303E-9   9.521898E-9   4.292577E-9   1.073948E-8   5.877109E-9   4.349441E-9  5.856981E-13  2.488076E-10    0.000000E0  3.727878E-10  4.484961E-10   6.363155E-9    0.000000E0   1.409056E-9   1.161995E-7 
  4.165107E-6   1.073948E-8   4.364261E-6   9.514540E-8   4.065612E-7   3.869467E-6   2.710565E-6   4.165107E-6   2.839965E-7   3.311806E-6    0.000000E0   3.869467E-6   3.869467E-6   3.006700E-7   3.869467E-6   3.598006E-7   4.165107E-6   2.710565E-6   8.780557E-6   1.073948E-8   2.505729E-7   4.165107E-6   4.165107E-6   3.869467E-6   2.710565E-6   4.364261E-6   3.311806E-6   2.629811E-6   1.073948E-8   2.839965E-7    0.000000E0   3.598006E-7   4.065612E-7   3.288390E-6    0.000000E0   6.119651E-7   2.169753E-5 
  8.443037E-8  3.827242E-11   9.514540E-8  8.444441E-10   5.902665E-9   8.435837E-8   4.718742E-8   8.443037E-8   3.677904E-9   6.108029E-8    0.000000E0   8.435837E-8   8.435837E-8   3.995724E-9   8.435837E-8   5.063269E-9   8.443037E-8   4.718742E-8   2.064667E-7  3.827242E-11   3.138265E-9   8.443037E-8   8.443037E-8   8.435837E-8   4.718742E-8   9.514540E-8   6.108029E-8   4.679887E-8  3.827242E-11   3.677904E-9    0.000000E0   5.063269E-9   5.902665E-9   6.338089E-8    0.000000E0   1.289298E-8   7.104979E-7 
  3.752101E-7  4.484961E-10   4.065612E-7   5.902665E-9   3.144685E-8   3.604677E-7   2.277164E-7   3.752101E-7   2.086059E-8   2.856740E-7    0.000000E0   3.604677E-7   3.604677E-7   2.234419E-8   3.604677E-7   2.743942E-8   3.752101E-7   2.277164E-7   8.470881E-7  4.484961E-10   1.813009E-8   3.752101E-7   3.752101E-7   3.604677E-7   2.277164E-7   4.065612E-7   2.856740E-7   2.231634E-7  4.484961E-10   2.086059E-8    0.000000E0   2.743942E-8   3.144685E-8   2.894460E-7    0.000000E0   5.611663E-8   2.443051E-6 
  3.692891E-6   9.521898E-9   3.869467E-6   8.435837E-8   3.604677E-7   3.430769E-6   2.403257E-6   3.692891E-6   2.517987E-7   2.936333E-6    0.000000E0   3.430769E-6   3.430769E-6   2.665818E-7   3.430769E-6   3.190085E-7   3.692891E-6   2.403257E-6   7.785068E-6   9.521898E-9   2.221644E-7   3.692891E-6   3.692891E-6   3.430769E-6   2.403257E-6   3.869467E-6   2.936333E-6   2.331658E-6   9.521898E-9   2.517987E-7    0.000000E0   3.190085E-7   3.604677E-7   2.915571E-6    0.000000E0   5.425841E-7   1.923759E-5 
  2.538969E-6   4.292577E-9   2.710565E-6   4.718742E-8   2.277164E-7   2.403257E-6   1.589390E-6   2.538969E-6   1.545852E-7   1.970656E-6    0.000000E0   2.403257E-6   2.403257E-6   1.647187E-7   2.403257E-6   1.999549E-7   2.538969E-6   1.589390E-6   5.560932E-6   4.292577E-9   1.352604E-7   2.538969E-6   2.538969E-6   2.403257E-6   1.589390E-6   2.710565E-6   1.970656E-6   1.550671E-6   4.292577E-9   1.545852E-7    0.000000E0   1.999549E-7   2.277164E-7   1.978847E-6    0.000000E0   3.767533E-7   1.498356E-5 
  3.950943E-6   8.895303E-9   4.165107E-6   8.443037E-8   3.752101E-7   3.692891E-6   2.538969E-6   3.950943E-6   2.596856E-7   3.116968E-6    0.000000E0   3.692891E-6   3.692891E-6   2.755048E-7   3.692891E-6   3.312160E-7   3.950943E-6   2.538969E-6   8.433311E-6   8.895303E-9   2.285074E-7   3.950943E-6   3.950943E-6   3.692891E-6   2.538969E-6   4.165107E-6   3.116968E-6   2.467793E-6   8.895303E-9   2.596856E-7    0.000000E0   3.312160E-7   3.752101E-7   3.106256E-6    0.000000E0   5.823712E-7   2.143689E-5 
  2.596856E-7  2.488076E-10   2.839965E-7   3.677904E-9   2.086059E-8   2.517987E-7   1.545852E-7   2.596856E-7   1.363837E-8   1.953576E-7    0.000000E0   2.517987E-7   2.517987E-7   1.465639E-8   2.517987E-7   1.813009E-8   2.596856E-7   1.545852E-7   5.974298E-7  2.488076E-10   1.180286E-8   2.596856E-7   2.596856E-7   2.517987E-7   1.545852E-7   2.839965E-7   1.953576E-7   1.519181E-7  2.488076E-10   1.363837E-8    0.000000E0   1.813009E-8   2.086059E-8   1.990486E-7    0.000000E0   3.902952E-8   1.796946E-6 
  3.116968E-6   5.877109E-9   3.311806E-6   6.108029E-8   2.856740E-7   2.936333E-6   1.970656E-6   3.116968E-6   1.953576E-7   2.434234E-6    0.000000E0   2.936333E-6   2.936333E-6   2.078198E-7   2.936333E-6   2.513508E-7   3.116968E-6   1.970656E-6   6.760740E-6   5.877109E-9   1.713023E-7   3.116968E-6   3.116968E-6   2.936333E-6   1.970656E-6   3.311806E-6   2.434234E-6   1.919907E-6   5.877109E-9   1.953576E-7    0.000000E0   2.513508E-7   2.856740E-7   2.437344E-6    0.000000E0   4.613556E-7   1.782069E-5 
   0.000000E0    0.000000E0    0.000000E0    0.000000E0    0.000000E0    0.000000E0    0.000000E0    0.000000E0    0.000000E0    0.000000E0    0.000000E0    0.000000E0    0.000000E0    0.000000E0    0.000000E0    0.000000E0    0.000000E0    0.000000E0    0.000000E0    0.000000E0    0.000000E0    0.000000E0    0.000000E0    0.000000E0    0.000000E0    0.000000E0    0.000000E0    0.000000E0    0.000000E0    0.000000E0    0.000000E0    0.000000E0    0.000000E0    0.000000E0    0.000000E0    0.000000E0    0.000000E0 
  3.692891E-6   9.521898E-9   3.869467E-6   8.435837E-8   3.604677E-7   3.430769E-6   2.403257E-6   3.692891E-6   2.517987E-7   2.936333E-6    0.000000E0   3.430769E-6   3.430769E-6   2.665818E-7   3.430769E-6   3.190085E-7   3.692891E-6   2.403257E-6   7.785068E-6   9.521898E-9   2.221644E-7   3.692891E-6   3.692891E-6   3.430769E-6   2.403257E-6   3.869467E-6   2.936333E-6   2.331658E-6   9.521898E-9   2.517987E-7    0.000000E0   3.190085E-7   3.604677E-7   2.915571E-6    0.000000E0   5.425841E-7   1.923759E-5 
  3.692891E-6   9.521898E-9   3.869467E-6   8.435837E-8   3.604677E-7   3.430769E-6   2.403257E-6   3.692891E-6   2.517987E-7   2.936333E-6    0.000000E0   3.430769E-6   3.430769E-6   2.665818E-7   3.430769E-6   3.190085E-7   3.692891E-6   2.403257E-6   7.785068E-6   9.521898E-9   2.221644E-7   3.692891E-6   3.692891E-6   3.430769E-6   2.403257E-6   3.869467E-6   2.936333E-6   2.331658E-6   9.521898E-9   2.517987E-7    0.000000E0   3.190085E-7   3.604677E-7   2.915571E-6    0.000000E0   5.425841E-7   1.923759E-5 
  2.755048E-7  2.775523E-10   3.006700E-7   3.995724E-9   2.234419E-8   2.665818E-7   1.647187E-7   2.755048E-7   1.465639E-8   2.078198E-7    0.000000E0   2.665818E-7   2.665818E-7   1.573872E-8   2.665818E-7   1.943692E-8   2.755048E-7   1.647187E-7   6.311389E-7  2.775523E-10   1.269611E-8   2.755048E-7   2.755048E-7   2.665818E-7   1.647187E-7   3.006700E-7   2.078198E-7   1.617748E-7  2.775523E-10   1.465639E-8    0.000000E0   1.943692E-8   2.234419E-8   2.114787E-7    0.000000E0   4.136132E-8   1.880499E-6 
  3.692891E-6   9.521898E-9   3.869467E-6   8.435837E-8   3.604677E-7   3.430769E-6   2.403257E-6   3.692891E-6   2.517987E-7   2.936333E-6    0.000000E0   3.430769E-6   3.430769E-6   2.665818E-7   3.430769E-6   3.190085E-7   3.692891E-6   2.403257E-6   7.785068E-6   9.521898E-9   2.221644E-7   3.692891E-6   3.692891E-6   3.430769E-6   2.403257E-6   3.869467E-6   2.936333E-6   2.331658E-6   9.521898E-9   2.517987E-7    0.000000E0   3.190085E-7   3.604677E-7   2.915571E-6    0.000000E0   5.425841E-7   1.923759E-5 
  3.312160E-7  3.727878E-10   3.598006E-7   5.063269E-9   2.743942E-8   3.190085E-7   1.999549E-7   3.312160E-7   1.813009E-8   2.513508E-7    0.000000E0   3.190085E-7   3.190085E-7   1.943692E-8   3.190085E-7   2.391670E-8   3.312160E-7   1.999549E-7   7.516364E-7  3.727878E-10   1.573872E-8   3.312160E-7   3.312160E-7   3.190085E-7   1.999549E-7   3.598006E-7   2.513508E-7   1.961067E-7  3.727878E-10   1.813009E-8    0.000000E0   2.391670E-8   2.743942E-8   2.550599E-7    0.000000E0   4.960332E-8   2.192906E-6 
  3.950943E-6   8.895303E-9   4.165107E-6   8.443037E-8   3.752101E-7   3.692891E-6   2.538969E-6   3.950943E-6   2.596856E-7   3.116968E-6    0.000000E0   3.692891E-6   3.692891E-6   2.755048E-7   3.692891E-6   3.312160E-7   3.950943E-6   2.538969E-6   8.433311E-6   8.895303E-9   2.285074E-7   3.950943E-6   3.950943E-6   3.692891E-6   2.538969E-6   4.165107E-6   3.116968E-6   2.467793E-6   8.895303E-9   2.596856E-7    0.000000E0   3.312160E-7   3.752101E-7   3.106256E-6    0.000000E0   5.823712E-7   2.143689E-5 
  2.538969E-6   4.292577E-9   2.710565E-6   4.718742E-8   2.277164E-7   2.403257E-6   1.589390E-6   2.538969E-6   1.545852E-7   1.970656E-6    0.000000E0   2.403257E-6   2.403257E-6   1.647187E-7   2.403257E-6   1.999549E-7   2.538969E-6   1.589390E-6   5.560932E-6   4.292577E-9   1.352604E-7   2.538969E-6   2.538969E-6   2.403257E-6   1.589390E-6   2.710565E-6   1.970656E-6   1.550671E-6   4.292577E-9   1.545852E-7    0.000000E0   1.999549E-7   2.277164E-7   1.978847E-6    0.000000E0   3.767533E-7   1.498356E-5 
  8.433311E-6   2.501427E-8   8.780557E-6   2.064667E-7   8.470881E-7   7.785068E-6   5.560932E-6   8.433311E-6   5.974298E-7   6.760740E-6    0.000000E0   7.785068E-6   7.785068E-6   6.311389E-7   7.785068E-6   7.516364E-7   8.433311E-6   5.560932E-6   1.754868E-5   2.501427E-8   5.285924E-7   8.433311E-6   8.433311E-6   7.785068E-6   5.560932E-6   8.780557E-6   6.760740E-6   5.385074E-6   2.501427E-8   5.974298E-7    0.000000E0   7.516364E-7   8.470881E-7   6.687400E-6    0.000000E0   1.234916E-6   4.209680E-5 
  8.895303E-9  5.856981E-13   1.073948E-8  3.827242E-11  4.484961E-10   9.521898E-9   4.292577E-9   8.895303E-9  2.488076E-10   5.877109E-9    0.000000E0   9.521898E-9   9.521898E-9  2.775523E-10   9.521898E-9  3.727878E-10   8.895303E-9   4.292577E-9   2.501427E-8  5.856981E-13  2.051156E-10   8.895303E-9   8.895303E-9   9.521898E-9   4.292577E-9   1.073948E-8   5.877109E-9   4.349441E-9  5.856981E-13  2.488076E-10    0.000000E0  3.727878E-10  4.484961E-10   6.363155E-9    0.000000E0   1.409056E-9   1.161995E-7 
  2.285074E-7  2.051156E-10   2.505729E-7   3.138265E-9   1.813009E-8   2.221644E-7   1.352604E-7   2.285074E-7   1.180286E-8   1.713023E-7    0.000000E0   2.221644E-7   2.221644E-7   1.269611E-8   2.221644E-7   1.573872E-8   2.285074E-7   1.352604E-7   5.285924E-7  2.051156E-10   1.020165E-8   2.285074E-7   2.285074E-7   2.221644E-7   1.352604E-7   2.505729E-7   1.713023E-7   1.330351E-7  2.051156E-10   1.180286E-8    0.000000E0   1.573872E-8   1.813009E-8   1.748238E-7    0.000000E0   3.439257E-8   1.609385E-6 
  3.950943E-6   8.895303E-9   4.165107E-6   8.443037E-8   3.752101E-7   3.692891E-6   2.538969E-6   3.950943E-6   2.596856E-7   3.116968E-6    0.000000E0   3.692891E-6   3.692891E-6   2.755048E-7   3.692891E-6   3.312160E-7   3.950943E-6   2.538969E-6   8.433311E-6   8.895303E-9   2.285074E-7   3.950943E-6   3.950943E-6   3.692891E-6   2.538969E-6   4.165107E-6   3.116968E-6   2.467793E-6   8.895303E-9   2.596856E-7    0.000000E0   3.312160E-7   3.752101E-7   3.106256E-6    0.000000E0   5.823712E-7   2.143689E-5 
  3.950943E-6   8.895303E-9   4.165107E-6   8.443037E-8   3.752101E-7   3.692891E-6   2.538969E-6   3.950943E-6   2.596856E-7   3.116968E-6    0.000000E0   3.692891E-6   3.692891E-6   2.755048E-7   3.692891E-6   3.312160E-7   3.950943E-6   2.538969E-6   8.433311E-6   8.895303E-9   2.285074E-7   3.950943E-6   3.950943E-6   3.692891E-6   2.538969E-6   4.165107E-6   3.116968E-6   2.467793E-6   8.895303E-9   2.596856E-7    0.000000E0   3.312160E-7   3.752101E-7   3.106256E-6    0.000000E0   5.823712E-7   2.143689E-5 
  3.692891E-6   9.521898E-9   3.869467E-6   8.435837E-8   3.604677E-7   3.430769E-6   2.403257E-6   3.692891E-6   2.517987E-7   2.936333E-6    0.000000E0   3.430769E-6   3.430769E-6   2.665818E-7   3.430769E-6   3.190085E-7   3.692891E-6   2.403257E-6   7.785068E-6   9.521898E-9   2.221644E-7   3.692891E-6   3.692891E-6   3.430769E-6   2.403257E-6   3.869467E-6   2.936333E-6   2.331658E-6   9.521898E-9   2.517987E-7    0.000000E0   3.190085E-7   3.604677E-7   2.915571E-6    0.000000E0   5.425841E-7   1.923759E-5 
  2.538969E-6   4.292577E-9   2.710565E-6   4.718742E-8   2.277164E-7   2.403257E-6   1.589390E-6   2.538969E-6   1.545852E-7   1.970656E-6    0.000000E0   2.403257E-6   2.403257E-6   1.647187E-7   2.403257E-6   1.999549E-7   2.538969E-6   1.589390E-6   5.560932E-6   4.292577E-9   1.352604E-7   2.538969E-6   2.538969E-6   2.403257E-6   1.589390E-6   2.710565E-6   1.970656E-6   1.550671E-6   4.292577E-9   1.545852E-7    0.000000E0   1.999549E-7   2.277164E-7   1.978847E-6    0.000000E0   3.767533E-7   1.498356E-5 
  4.165107E-6   1.073948E-8   4.364261E-6   9.514540E-8   4.065612E-7   3.869467E-6   2.710565E-6   4.165107E-6   2.839965E-7   3.311806E-6    0.000000E0   3.869467E-6   3.869467E-6   3.006700E-7   3.869467E-6   3.598006E-7   4.165107E-6   2.710565E-6   8.780557E-6   1.073948E-8   2.505729E-7   4.165107E-6   4.165107E-6   3.869467E-6   2.710565E-6   4.364261E-6   3.311806E-6   2.629811E-6   1.073948E-8   2.839965E-7    0.000000E0   3.598006E-7   4.065612E-7   3.288390E-6    0.000000E0   6.119651E-7   2.169753E-5 
  3.116968E-6   5.877109E-9   3.311806E-6   6.108029E-8   2.856740E-7   2.936333E-6   1.970656E-6   3.116968E-6   1.953576E-7   2.434234E-6    0.000000E0   2.936333E-6   2.936333E-6   2.078198E-7   2.936333E-6   2.513508E-7   3.116968E-6   1.970656E-6   6.760740E-6   5.877109E-9   1.713023E-7   3.116968E-6   3.116968E-6   2.936333E-6   1.970656E-6   3.311806E-6   2.434234E-6   1.919907E-6   5.877109E-9   1.953576E-7    0.000000E0   2.513508E-7   2.856740E-7   2.437344E-6    0.000000E0   4.613556E-7   1.782069E-5 
  2.467793E-6   4.349441E-9   2.629811E-6   4.679887E-8   2.231634E-7   2.331658E-6   1.550671E-6   2.467793E-6   1.519181E-7   1.919907E-6    0.000000E0   2.331658E-6   2.331658E-6   1.617748E-7   2.331658E-6   1.961067E-7   2.467793E-6   1.550671E-6   5.385074E-6   4.349441E-9   1.330351E-7   2.467793E-6   2.467793E-6   2.331658E-6   1.550671E-6   2.629811E-6   1.919907E-6   1.512074E-6   4.349441E-9   1.519181E-7    0.000000E0   1.961067E-7   2.231634E-7   1.925783E-6    0.000000E0   3.658404E-7   1.438919E-5 
  8.895303E-9  5.856981E-13   1.073948E-8  3.827242E-11  4.484961E-10   9.521898E-9   4.292577E-9   8.895303E-9  2.488076E-10   5.877109E-9    0.000000E0   9.521898E-9   9.521898E-9  2.775523E-10   9.521898E-9  3.727878E-10   8.895303E-9   4.292577E-9   2.501427E-8  5.856981E-13  2.051156E-10   8.895303E-9   8.895303E-9   9.521898E-9   4.292577E-9   1.073948E-8   5.877109E-9   4.349441E-9  5.856981E-13  2.488076E-10    0.000000E0  3.727878E-10  4.484961E-10   6.363155E-9    0.000000E0   1.409056E-9   1.161995E-7 
  2.596856E-7  2.488076E-10   2.839965E-7   3.677904E-9   2.086059E-8   2.517987E-7   1.545852E-7   2.596856E-7   1.363837E-8   1.953576E-7    0.000000E0   2.517987E-7   2.517987E-7   1.465639E-8   2.517987E-7   1.813009E-8   2.596856E-7   1.545852E-7   5.974298E-7  2.488076E-10   1.180286E-8   2.596856E-7   2.596856E-7   2.517987E-7   1.545852E-7   2.839965E-7   1.953576E-7   1.519181E-7  2.488076E-10   1.363837E-8    0.000000E0   1.813009E-8   2.086059E-8   1.990486E-7    0.000000E0   3.902952E-8   1.796946E-6 
   0.000000E0    0.000000E0    0.000000E0    0.000000E0    0.000000E0    0.000000E0    0.000000E0    0.000000E0    0.000000E0    0.000000E0    0.000000E0    0.000000E0    0.000000E0    0.000000E0    0.000000E0    0.000000E0    0.000000E0    0.000000E0    0.000000E0    0.000000E0    0.000000E0    0.000000E0    0.000000E0    0.000000E0    0.000000E0    0.000000E0    0.000000E0    0.000000E0    0.000000E0    0.000000E0    0.000000E0    0.000000E0    0.000000E0    0.000000E0    0.000000E0    0.000000E0    0.000000E0 
  3.312160E-7  3.727878E-10   3.598006E-7   5.063269E-9   2.743942E-8   3.190085E-7   1.999549E-7   3.312160E-7   1.813009E-8   2.513508E-7    0.000000E0   3.190085E-7   3.190085E-7   1.943692E-8   3.190085E-7   2.391670E-8   3.312160E-7   1.999549E-7   7.516364E-7  3.727878E-10   1.573872E-8   3.312160E-7   3.312160E-7   3.190085E-7   1.999549E-7   3.598006E-7   2.513508E-7   1.961067E-7  3.727878E-10   1.813009E-8    0.000000E0   2.391670E-8   2.743942E-8   2.550599E-7    0.000000E0   4.960332E-8   2.192906E-6 
  3.752101E-7  4.484961E-10   4.065612E-7   5.902665E-9   3.144685E-8   3.604677E-7   2.277164E-7   3.752101E-7   2.086059E-8   2.856740E-7    0.000000E0   3.604677E-7   3.604677E-7   2.234419E-8   3.604677E-7   2.743942E-8   3.752101E-7   2.277164E-7   8.470881E-7  4.484961E-10   1.813009E-8   3.752101E-7   3.752101E-7   3.604677E-7   2.277164E-7   4.065612E-7   2.856740E-7   2.231634E-7  4.484961E-10   2.086059E-8    0.000000E0   2.743942E-8   3.144685E-8   2.894460E-7    0.000000E0   5.611663E-8   2.443051E-6 
  3.106256E-6   6.363155E-9   3.288390E-6   6.338089E-8   2.894460E-7   2.915571E-6   1.978847E-6   3.106256E-6   1.990486E-7   2.437344E-6    0.000000E0   2.915571E-6   2.915571E-6   2.114787E-7   2.915571E-6   2.550599E-7   3.106256E-6   1.978847E-6   6.687400E-6   6.363155E-9   1.748238E-7   3.106256E-6   3.106256E-6   2.915571E-6   1.978847E-6   3.288390E-6   2.437344E-6   1.925783E-6   6.363155E-9   1.990486E-7    0.000000E0   2.550599E-7   2.894460E-7   2.435098E-6    0.000000E0   4.588812E-7   1.733238E-5 
   0.000000E0    0.000000E0    0.000000E0    0.000000E0    0.000000E0    0.000000E0    0.000000E0    0.000000E0    0.000000E0    0.000000E0    0.000000E0    0.000000E0    0.000000E0    0.000000E0    0.000000E0    0.000000E0    0.000000E0    0.000000E0    0.000000E0    0.000000E0    0.000000E0    0.000000E0    0.000000E0    0.000000E0    0.000000E0    0.000000E0    0.000000E0    0.000000E0    0.000000E0    0.000000E0    0.000000E0    0.000000E0    0.000000E0    0.000000E0    0.000000E0    0.000000E0    0.000000E0 
  5.823712E-7   1.409056E-9   6.119651E-7   1.289298E-8   5.611663E-8   5.425841E-7   3.767533E-7   5.823712E-7   3.902952E-8   4.613556E-7    0.000000E0   5.425841E-7   5.425841E-7   4.136132E-8   5.425841E-7   4.960332E-8   5.823712E-7   3.767533E-7   1.234916E-6   1.409056E-9   3.439257E-8   5.823712E-7   5.823712E-7   5.425841E-7   3.767533E-7   6.119651E-7   4.613556E-7   3.658404E-7   1.409056E-9   3.902952E-8    0.000000E0   4.960332E-8   5.611663E-8   4.588812E-7    0.000000E0   8.569555E-8   3.092489E-6 
  2.143689E-5   1.161995E-7   2.169753E-5   7.104979E-7   2.443051E-6   1.923759E-5   1.498356E-5   2.143689E-5   1.796946E-6   1.782069E-5    0.000000E0   1.923759E-5   1.923759E-5   1.880499E-6   1.923759E-5   2.192906E-6   2.143689E-5   1.498356E-5   4.209680E-5   1.161995E-7   1.609385E-6   2.143689E-5   2.143689E-5   1.923759E-5   1.498356E-5   2.169753E-5   1.782069E-5   1.438919E-5   1.161995E-7   1.796946E-6    0.000000E0   2.192906E-6   2.443051E-6   1.733238E-5    0.000000E0   3.092489E-6   8.837217E-5 
