c6:
  3.352746E-3   8.769874E-5   3.083227E-3   2.701857E-4   4.738457E-4   3.140984E-3    0.000000E0   2.733669E-3   2.833489E-3   5.695741E-4   5.290741E-4   5.394139E-3   4.825312E-4   4.394516E-4   2.649749E-3   2.891272E-3   4.331663E-3 
  8.769874E-5   3.922948E-7   8.630714E-5   3.171164E-6   8.085511E-6   7.518723E-5    0.000000E0   7.652214E-5   6.422656E-5   1.085563E-5   9.784856E-6   1.619495E-4   8.442984E-6   7.258100E-6   6.132389E-5   7.213885E-5   1.800193E-4 
  3.083227E-3   8.630714E-5   2.826767E-3   2.568911E-4   4.438249E-4   2.899841E-3    0.000000E0   2.506285E-3   2.622195E-3   5.310288E-4   4.938943E-4   4.929766E-3   4.514900E-4   4.121641E-4   2.449936E-3   2.664429E-3   3.898749E-3 
  2.701857E-4   3.171164E-6   2.568911E-4   1.489571E-5   3.108679E-5   2.423889E-4    0.000000E0   2.277663E-4   2.129456E-4   3.938218E-5   3.606111E-5   4.652761E-4   3.203475E-5   2.839019E-5   2.011549E-4   2.276733E-4   4.399995E-4 
  4.738457E-4   8.085511E-6   4.438249E-4   3.108679E-5   5.986277E-5   4.334883E-4    0.000000E0   3.935067E-4   3.854247E-4   7.403531E-5   6.823757E-5   7.914604E-4   6.135318E-5   5.505760E-5   3.624247E-4   4.034712E-4   6.960325E-4 
  3.140984E-3   7.518723E-5   2.899841E-3   2.423889E-4   4.334883E-4   2.927723E-3    0.000000E0   2.571074E-3   2.632980E-3   5.242007E-4   4.861276E-4   5.094123E-3   4.420318E-4   4.013209E-4   2.465129E-3   2.701332E-3   4.171768E-3 
   0.000000E0    0.000000E0    0.000000E0    0.000000E0    0.000000E0    0.000000E0    0.000000E0    0.000000E0    0.000000E0    0.000000E0    0.000000E0    0.000000E0    0.000000E0    0.000000E0    0.000000E0    0.000000E0    0.000000E0 
  2.733669E-3   7.652214E-5   2.506285E-3   2.277663E-4   3.935067E-4   2.571074E-3    0.000000E0   2.222137E-3   2.324906E-3   4.708239E-4   4.378994E-4   4.370858E-3   4.003027E-4   3.654353E-4   2.172176E-3   2.362352E-3   3.456732E-3 
  2.833489E-3   6.422656E-5   2.622195E-3   2.129456E-4   3.854247E-4   2.632980E-3    0.000000E0   2.324906E-3   2.363473E-3   4.677920E-4   4.333807E-4   4.617846E-3   3.933462E-4   3.564419E-4   2.214383E-3   2.432871E-3   3.826851E-3 
  5.695741E-4   1.085563E-5   5.310288E-4   3.938218E-5   7.403531E-5   5.242007E-4    0.000000E0   4.708239E-4   4.677920E-4   9.090007E-5   8.394813E-5   9.424320E-4   7.575405E-5   6.823757E-5   4.392628E-4   4.865380E-4   8.102179E-4 
  5.290741E-4   9.784856E-6   4.938943E-4   3.606111E-5   6.823757E-5   4.861276E-4    0.000000E0   4.378994E-4   4.333807E-4   8.394813E-5   7.748580E-5   8.776827E-4   6.985303E-5   6.285737E-5   4.071057E-4   4.515460E-4   7.592651E-4 
  5.394139E-3   1.619495E-4   4.929766E-3   4.652761E-4   7.914604E-4   5.094123E-3    0.000000E0   4.370858E-3   4.617846E-3   9.424320E-4   8.776827E-4   8.568763E-3   8.042594E-4   7.360276E-4   4.310413E-3   4.671665E-3   6.668891E-3 
  4.825312E-4   8.442984E-6   4.514900E-4   3.203475E-5   6.135318E-5   4.420318E-4    0.000000E0   4.003027E-4   3.933462E-4   7.575405E-5   6.985303E-5   8.042594E-4   6.285737E-5   5.645556E-5   3.697569E-4   4.111632E-4   7.036935E-4 
  4.394516E-4   7.258100E-6   4.121641E-4   2.839019E-5   5.505760E-5   4.013209E-4    0.000000E0   3.654353E-4   3.564419E-4   6.823757E-5   6.285737E-5   7.360276E-4   5.645556E-5   5.060655E-5   3.353081E-4   3.738360E-4   6.515535E-4 
  2.649749E-3   6.132389E-5   2.449936E-3   2.011549E-4   3.624247E-4   2.465129E-3    0.000000E0   2.172176E-3   2.214383E-3   4.392628E-4   4.071057E-4   4.310413E-3   3.697569E-4   3.353081E-4   2.074134E-3   2.276533E-3   3.556021E-3 
  2.891272E-3   7.213885E-5   2.664429E-3   2.276733E-4   4.034712E-4   2.701332E-3    0.000000E0   2.362352E-3   2.432871E-3   4.865380E-4   4.515460E-4   4.671665E-3   4.111632E-4   3.738360E-4   2.276533E-3   2.489709E-3   3.791081E-3 
  4.331663E-3   1.800193E-4   3.898749E-3   4.399995E-4   6.960325E-4   4.171768E-3    0.000000E0   3.456732E-3   3.826851E-3   8.102179E-4   7.592651E-4   6.668891E-3   7.036935E-4   6.515535E-4   3.556021E-3   3.791081E-3   4.800642E-3 
c12:
  3.950943E-6   8.895303E-9   4.165107E-6   8.443037E-8   2.596856E-7   3.116968E-6    0.000000E0   3.692891E-6   2.538969E-6   3.752101E-7   3.312160E-7   8.433311E-6   2.755048E-7   2.285074E-7   2.467793E-6   3.106256E-6   1.441327E-5 
  8.895303E-9  5.856981E-13   1.073948E-8  3.827242E-11  2.488076E-10   5.877109E-9    0.000000E0   9.521898E-9   4.292577E-9  4.484961E-10  3.727878E-10   2.501427E-8  2.775523E-10  2.051156E-10   4.349441E-9   6.363155E-9   8.191548E-8 
  4.165107E-6   1.073948E-8   4.364261E-6   9.514540E-8   2.839965E-7   3.311806E-6    0.000000E0   3.869467E-6   2.710565E-6   4.065612E-7   3.598006E-7   8.780557E-6   3.006700E-7   2.505729E-7   2.629811E-6   3.288390E-6   1.455525E-5 
  8.443037E-8  3.827242E-11   9.514540E-8  8.444441E-10   3.677904E-9   6.108029E-8    0.000000E0   8.435837E-8   4.718742E-8   5.902665E-9   5.063269E-9   2.064667E-7   3.995724E-9   3.138265E-9   4.679887E-8   6.338089E-8   4.893644E-7 
  2.596856E-7  2.488076E-10   2.839965E-7   3.677904E-9   1.363837E-8   1.953576E-7    0.000000E0   2.517987E-7   1.545852E-7   2.086059E-8   1.813009E-8   5.974298E-7   1.465639E-8   1.180286E-8   1.519181E-7   1.990486E-7   1.224580E-6 
  3.116968E-6   5.877109E-9   3.311806E-6   6.108029E-8   1.953576E-7   2.434234E-6    0.000000E0   2.936333E-6   1.970656E-6   2.856740E-7   2.513508E-7   6.760740E-6   2.078198E-7   1.713023E-7   1.919907E-6   2.437344E-6   1.201698E-5 
   0.000000E0    0.000000E0    0.000000E0    0.000000E0    0.000000E0    0.000000E0    0.000000E0    0.000000E0    0.000000E0    0.000000E0    0.000000E0    0.000000E0    0.000000E0    0.000000E0    0.000000E0    0.000000E0    0.000000E0 
  3.692891E-6   9.521898E-9   3.869467E-6   8.435837E-8   2.517987E-7   2.936333E-6    0.000000E0   3.430769E-6   2.403257E-6   3.604677E-7   3.190085E-7   7.785068E-6   2.665818E-7   2.221644E-7   2.331658E-6   2.915571E-6   1.290506E-5 
  2.538969E-6   4.292577E-9   2.710565E-6   4.718742E-8   1.545852E-7   1.970656E-6    0.000000E0   2.403257E-6   1.589390E-6   2.277164E-7   1.999549E-7   5.560932E-6   1.647187E-7   1.352604E-7   1.550671E-6   1.978847E-6   1.012165E-5 
  3.752101E-7  4.484961E-10   4.065612E-7   5.902665E-9   2.086059E-8   2.856740E-7    0.000000E0   3.604677E-7   2.277164E-7   3.144685E-8   2.743942E-8   8.470881E-7   2.234419E-8   1.813009E-8   2.231634E-7   2.894460E-7   1.659326E-6 
  3.312160E-7  3.727878E-10   3.598006E-7   5.063269E-9   1.813009E-8   2.513508E-7    0.000000E0   3.190085E-7   1.999549E-7   2.743942E-8   2.391670E-8   7.516364E-7   1.943692E-8   1.573872E-8   1.961067E-7   2.550599E-7   1.490799E-6 
  8.433311E-6   2.501427E-8   8.780557E-6   2.064667E-7   5.974298E-7   6.760740E-6    0.000000E0   7.785068E-6   5.560932E-6   8.470881E-7   7.516364E-7   1.754868E-5   6.311389E-7   5.285924E-7   5.385074E-6   6.687400E-6   2.817183E-5 
  2.755048E-7  2.775523E-10   3.006700E-7   3.995724E-9   1.465639E-8   2.078198E-7    0.000000E0   2.665818E-7   1.647187E-7   2.234419E-8   1.943692E-8   6.311389E-7   1.573872E-8   1.269611E-8   1.617748E-7   2.114787E-7   1.280558E-6 
  2.285074E-7  2.051156E-10   2.505729E-7   3.138265E-9   1.180286E-8   1.713023E-7    0.000000E0   2.221644E-7   1.352604E-7   1.813009E-8   1.573872E-8   5.285924E-7   1.269611E-8   1.020165E-8   1.330351E-7   1.748238E-7   1.097823E-6 
  2.467793E-6   4.349441E-9   2.629811E-6   4.679887E-8   1.519181E-7   1.919907E-6    0.000000E0   2.331658E-6   1.550671E-6   2.231634E-7   1.961067E-7   5.385074E-6   1.617748E-7   1.330351E-7   1.512074E-6   1.925783E-6   9.713639E-6 
  3.106256E-6   6.363155E-9   3.288390E-6   6.338089E-8   1.990486E-7   2.437344E-6    0.000000E0   2.915571E-6   1.978847E-6   2.894460E-7   2.550599E-7   6.687400E-6   2.114787E-7   1.748238E-7   1.925783E-6   2.435098E-6   1.167185E-5 
  1.441327E-5   8.191548E-8   1.455525E-5   4.893644E-7   1.224580E-6   1.201698E-5    0.000000E0   1.290506E-5   1.012165E-5   1.659326E-6   1.490799E-6   2.817183E-5   1.280558E-6   1.097823E-6   9.713639E-6   1.167185E-5   3.869065E-5 
