c6:
  3.835828E-4   5.618548E-4   3.297423E-4   3.190818E-5   5.618548E-4   3.835828E-4   6.487741E-4 
  5.618548E-4   8.012759E-4   4.917071E-4   5.207377E-5   8.012759E-4   5.618548E-4   9.252337E-4 
  3.297423E-4   4.917071E-4   2.800662E-4   2.548009E-5   4.917071E-4   3.297423E-4   5.677745E-4 
  3.190818E-5   5.207377E-5   2.548009E-5   1.669325E-6   5.207377E-5   3.190818E-5   6.012961E-5 
  5.618548E-4   8.012759E-4   4.917071E-4   5.207377E-5   8.012759E-4   5.618548E-4   9.252337E-4 
  3.835828E-4   5.618548E-4   3.297423E-4   3.190818E-5   5.618548E-4   3.835828E-4   6.487741E-4 
  6.487741E-4   9.252337E-4   5.677745E-4   6.012961E-5   9.252337E-4   6.487741E-4   1.068368E-3 
c12:
  3.525635E-7   7.812350E-7   2.330309E-7   6.900304E-9   7.812350E-7   3.525635E-7   9.020925E-7 
  7.812350E-7   1.641013E-6   5.351697E-7   1.898089E-8   1.641013E-6   7.812350E-7   1.894879E-6 
  2.330309E-7   5.351697E-7   1.503594E-7   3.553087E-8   5.351697E-7   2.330309E-7   6.179607E-7 
  6.900304E-9   1.898089E-8   3.553087E-8  5.341839E-11   1.898089E-8   3.553087E-8   1.517614E-7 
  7.812350E-7   1.641013E-6   5.351697E-7   1.898089E-8   1.641013E-6   7.812350E-7   1.894879E-6 
  3.525635E-7   7.812350E-7   2.330309E-7   3.553087E-8   7.812350E-7   3.525635E-7   9.020925E-7 
  9.020925E-7   1.894879E-6   6.179607E-7   1.517614E-7   1.894879E-6   9.020925E-7   2.188017E-6 
c10:
   0.000000E0    0.000000E0    0.000000E0    0.000000E0    0.000000E0    0.000000E0    0.000000E0 
   0.000000E0    0.000000E0    0.000000E0    0.000000E0    0.000000E0    0.000000E0    0.000000E0 
   0.000000E0    0.000000E0    0.000000E0   5.069803E-7    0.000000E0    0.000000E0    0.000000E0 
   0.000000E0    0.000000E0   5.069803E-7    0.000000E0    0.000000E0   5.069803E-7   1.486642E-6 
   0.000000E0    0.000000E0    0.000000E0    0.000000E0    0.000000E0    0.000000E0    0.000000E0 
   0.000000E0    0.000000E0    0.000000E0   5.069803E-7    0.000000E0    0.000000E0    0.000000E0 
   0.000000E0    0.000000E0    0.000000E0   1.486642E-6    0.000000E0    0.000000E0    0.000000E0 
